3.000135 39.317996
2.999549 39.317409
2.999255 39.315355
2.999255 39.314475
2.998375 39.314475
2.996615 39.313009
2.995735 39.313009
2.994855 39.312129
2.994268 39.312129
2.993388 39.313009
2.992508 39.313009
2.992215 39.313302
2.992215 39.314182
2.992801 39.315062
2.992508 39.315355
2.987521 39.315355
2.986348 39.316529
2.986348 39.319169
2.986934 39.320049
2.986934 39.320929
2.986641 39.321223
2.984881 39.321223
2.984588 39.321516
2.984588 39.325036
2.986641 39.32709
2.988988 39.32709
2.989575 39.327383
2.989575 39.329143
2.992215 39.331783
2.992215 39.33237
2.990455 39.33413
2.991335 39.33501
2.991335 39.33677
2.990455 39.337357
2.990455 39.338237
2.988988 39.339704
2.988401 39.339704
2.985468 39.342637
2.985468 39.343224
2.983414 39.345571
2.982534 39.345571
2.975787 39.352025
2.974027 39.352025
2.973147 39.352905
2.97256 39.352905
2.97168 39.353785
2.9708 39.353785
2.96992 39.354665
2.968453 39.354665
2.967866 39.354958
2.967866 39.356718
2.965813 39.358772
2.964933 39.358772
2.964053 39.359652
2.963466 39.359652
2.962586 39.360532
2.960826 39.360532
2.959946 39.361119
2.959066 39.361119
2.958186 39.361999
2.957599 39.361999
2.956719 39.362879
2.954959 39.362879
2.954079 39.361999
2.952612 39.361999
2.951732 39.361119
2.947332 39.361119
2.946745 39.361999
2.944105 39.361999
2.943225 39.362879
2.941758 39.362879
2.940878 39.363759
2.939118 39.363759
2.938238 39.364639
2.937358 39.364639
2.936771 39.363759
2.93237 39.363759
2.93149 39.364639
2.930024 39.364639
2.929144 39.363759
2.927383 39.363759
2.926503 39.362879
2.925037 39.362879
2.924157 39.361999
2.923277 39.361999
2.922396 39.361119
2.920636 39.361119
2.92005 39.360532
2.91917 39.360532
2.918289 39.359652
2.917409 39.359652
2.916236 39.358479
2.916236 39.354078
2.915063 39.352905
2.911542 39.352905
2.910956 39.353785
2.909195 39.353785
2.908022 39.354958
2.908022 39.355838
2.908609 39.356718
2.908315 39.357012
2.907435 39.357012
2.906555 39.357892
2.901568 39.357892
2.900688 39.358772
2.899221 39.358772
2.898635 39.359065
2.898635 39.360825
2.898341 39.361119
2.895701 39.361119
2.895114 39.361999
2.891594 39.361999
2.889247 39.364639
2.888367 39.364639
2.887487 39.365519
2.885727 39.365519
2.884847 39.366106
2.88162 39.366106
2.879273 39.363759
2.878393 39.363759
2.877513 39.362879
2.864899 39.362879
2.864312 39.363759
2.863432 39.363759
2.862552 39.362879
2.860792 39.362879
2.859912 39.363759
2.859032 39.362879
2.854925 39.362879
2.852578 39.365519
2.851698 39.365519
2.850818 39.366106
2.845831 39.366106
2.844951 39.365519
2.843191 39.365519
2.842604 39.364639
2.841724 39.364639
2.838204 39.361119
2.836737 39.361119
2.83615 39.361705
2.83615 39.362586
2.835857 39.362879
2.835564 39.362586
2.835564 39.360825
2.834097 39.359652
2.833217 39.359652
2.832923 39.359065
2.832923 39.358185
2.83263 39.357892
2.83175 39.357892
2.83087 39.357012
2.825003 39.357012
2.824123 39.357892
2.821776 39.357892
2.820896 39.358772
2.819136 39.358772
2.818256 39.359652
2.817669 39.359652
2.816496 39.360532
2.815909 39.360532
2.813269 39.362879
2.812389 39.362879
2.811215 39.364052
2.811215 39.364932
2.810922 39.365519
2.810042 39.365519
2.808282 39.366986
2.806521 39.366986
2.805641 39.366106
2.805055 39.366106
2.804175 39.365519
2.802414 39.365519
2.800654 39.363759
2.798308 39.363759
2.797427 39.362879
2.789214 39.362879
2.78716 39.364932
2.78716 39.366693
2.781586 39.371973
2.780706 39.371973
2.780413 39.37256
2.780413 39.37344
2.779826 39.373733
2.77924 39.373733
2.777479 39.375493
2.776599 39.375493
2.774546 39.377547
2.774546 39.380774
2.769852 39.385467
2.769265 39.385467
2.768385 39.386347
2.766625 39.386347
2.765745 39.387227
2.764278 39.387227
2.763398 39.387814
2.761638 39.387814
2.760758 39.388694
2.759878 39.388694
2.758705 39.389868
2.758705 39.390748
2.758411 39.391334
2.757531 39.391334
2.756651 39.391921
2.755771 39.391921
2.749611 39.398375
2.749611 39.399255
2.749024 39.399548
2.748437 39.399548
2.745504 39.402482
2.745504 39.404829
2.741983 39.408349
2.741983 39.409229
2.741397 39.410109
2.741397 39.410696
2.740517 39.411576
2.740517 39.413336
2.739637 39.414216
2.739637 39.417443
2.740223 39.418323
2.740517 39.420963
2.741103 39.42155
2.741103 39.42331
2.741983 39.42419
2.741983 39.42507
2.742864 39.42595
2.742864 39.427417
2.743744 39.428297
2.743744 39.429177
2.74609 39.431524
2.74609 39.432404
2.746971 39.433284
2.746971 39.437391
2.747851 39.438271
2.747851 39.442378
2.745504 39.445018
2.745504 39.445898
2.743744 39.447365
2.743744 39.448245
2.744624 39.449125
2.744624 39.450005
2.741983 39.452645
2.741983 39.453232
2.741103 39.454112
2.741103 39.454992
2.74081 39.455286
2.73993 39.455286
2.738757 39.456752
2.738757 39.457339
2.737583 39.458806
2.735823 39.458806
2.73465 39.459979
2.73465 39.460859
2.729663 39.465846
2.729663 39.466726
2.728783 39.467606
2.728783 39.468193
2.727902 39.469073
2.727902 39.469953
2.727022 39.470833
2.727022 39.471713
2.724676 39.47406
2.724676 39.47494
2.723796 39.47582
2.723796 39.478167
2.724089 39.478754
2.725849 39.478754
2.728196 39.481394
2.729956 39.481394
2.730836 39.481981
2.731716 39.481981
2.732303 39.482861
2.733476 39.482861
2.734063 39.483741
2.734943 39.483741
2.736116 39.484914
2.736116 39.486674
2.736996 39.487555
2.736996 39.488435
2.737877 39.489021
2.737877 39.492542
2.73993 39.494595
2.74081 39.494595
2.74169 39.495475
2.74257 39.495475
2.744037 39.496942
2.744917 39.496942
2.745797 39.497822
2.746677 39.497822
2.748437 39.499582
2.749904 39.499582
2.751077 39.500755
2.751077 39.504862
2.751958 39.505742
2.751077 39.506623
2.751077 39.507503
2.749611 39.509263
2.749611 39.510143
2.744624 39.514836
2.744624 39.515717
2.743744 39.516597
2.743744 39.517477
2.734063 39.527157
2.733183 39.527157
2.732596 39.528037
2.731716 39.528037
2.730836 39.528624
2.729956 39.528624
2.727609 39.531264
2.726729 39.531264
2.724969 39.533024
2.723209 39.533024
2.722622 39.533611
2.721742 39.533611
2.720862 39.534491
2.717342 39.534491
2.716755 39.533611
2.714995 39.533611
2.714115 39.534491
2.713235 39.533611
2.712355 39.533611
2.711768 39.534491
2.710888 39.534491
2.710301 39.535078
2.710301 39.536545
2.707368 39.539478
2.706781 39.539478
2.705901 39.540358
2.705021 39.540358
2.702967 39.542412
2.702967 39.543292
2.702381 39.543585
2.698274 39.543585
2.6971 39.545052
2.69798 39.545932
2.69798 39.547399
2.697394 39.547986
2.695927 39.547986
2.695047 39.547105
2.694167 39.547986
2.692407 39.547986
2.691233 39.549159
2.692113 39.550039
2.692113 39.550919
2.69006 39.552973
2.68918 39.552973
2.688593 39.553266
2.688593 39.554146
2.6883 39.554733
2.685953 39.554439
2.685073 39.555319
2.684193 39.555319
2.683313 39.556199
2.682433 39.556199
2.681552 39.55708
2.680086 39.55708
2.679206 39.55796
2.676565 39.55796
2.675979 39.55884
2.674219 39.55884
2.672459 39.560306
2.670112 39.560306
2.669525 39.560893
2.669525 39.561773
2.670405 39.56236
2.670112 39.562947
2.669232 39.562947
2.668352 39.562067
2.665711 39.562067
2.664831 39.562947
2.661604 39.562947
2.660724 39.563827
2.659844 39.563827
2.659258 39.564413
2.64987 39.564413
2.649284 39.565293
2.648403 39.565293
2.647523 39.566174
2.645763 39.566174
2.644883 39.565293
2.643416 39.565293
2.642536 39.564707
2.640776 39.564707
2.639896 39.563827
2.639016 39.563827
2.638429 39.562947
2.637549 39.562947
2.636669 39.562067
2.636376 39.56236
2.636376 39.56412
2.636669 39.564707
2.638429 39.564707
2.638723 39.565
2.638723 39.56588
2.639016 39.566174
2.640776 39.566174
2.641656 39.567054
2.642536 39.567054
2.64371 39.568227
2.643416 39.568814
2.642536 39.568814
2.641656 39.567934
2.639016 39.567934
2.638723 39.568227
2.638723 39.569107
2.638429 39.569694
2.637549 39.568814
2.632562 39.568814
2.630509 39.566467
2.630509 39.56588
2.629629 39.565
2.629629 39.56412
2.628749 39.56324
2.628749 39.558253
2.627869 39.557666
2.627869 39.556786
2.626989 39.555906
2.627575 39.555319
2.630802 39.555319
2.631976 39.554146
2.631976 39.553266
2.631682 39.552973
2.628455 39.552973
2.626695 39.551212
2.625815 39.551212
2.624642 39.550039
2.625522 39.549159
2.625522 39.548279
2.626695 39.547105
2.633442 39.547105
2.634616 39.545932
2.634616 39.545052
2.634029 39.544465
2.627575 39.544465
2.626695 39.545345
2.619948 39.545345
2.619068 39.546225
2.618188 39.546225
2.617601 39.547105
2.616721 39.547105
2.614081 39.549452
2.611734 39.549452
2.609974 39.551212
2.609094 39.551212
2.608214 39.552092
2.606747 39.552092
2.605867 39.551212
2.60176 39.551212
2.60088 39.550332
2.6 39.550332
2.599707 39.550039
2.599413 39.548279
2.59912 39.547986
2.59824 39.547986
2.597066 39.546519
2.597946 39.545932
2.597946 39.543292
2.597066 39.542412
2.597066 39.541532
2.594426 39.539185
2.594426 39.538305
2.594133 39.538011
2.593253 39.538011
2.592959 39.537425
2.592959 39.536545
2.591199 39.535078
2.592959 39.533318
2.592959 39.532438
2.592666 39.532144
2.590906 39.532144
2.589146 39.533611
2.586506 39.533611
2.585919 39.533024
2.582399 39.533024
2.581812 39.532144
2.580052 39.532144
2.578292 39.533611
2.576532 39.532144
2.562451 39.532144
2.561571 39.531264
2.55981 39.531264
2.557464 39.528624
2.555703 39.528917
2.55541 39.528331
2.55541 39.526571
2.554823 39.526277
2.553357 39.526277
2.552477 39.527157
2.551596 39.526277
2.54925 39.526277
2.54749 39.524517
2.546609 39.524517
2.545729 39.523637
2.545143 39.523637
2.543969 39.524517
2.543383 39.524517
2.542503 39.523637
2.541622 39.523637
2.541329 39.523344
2.541329 39.521584
2.540742 39.52129
2.539862 39.52129
2.538689 39.520117
2.538689 39.519237
2.539569 39.518357
2.539569 39.515717
2.540449 39.514836
2.540449 39.51425
2.540742 39.513663
2.54749 39.513663
2.548663 39.51249
2.548663 39.51161
2.545729 39.508676
2.539862 39.508676
2.538982 39.507796
2.537515 39.507796
2.535462 39.505742
2.536342 39.504862
2.536342 39.504276
2.537809 39.502516
2.537809 39.500755
2.538689 39.499875
2.538689 39.497529
2.536929 39.495768
2.538689 39.494008
2.538689 39.492542
2.537809 39.491661
2.537809 39.487555
2.536635 39.486381
2.534875 39.486088
2.534289 39.486968
2.533702 39.486674
2.533702 39.484034
2.531942 39.482567
2.531942 39.479927
2.531648 39.479634
2.530768 39.479634
2.529888 39.478754
2.527541 39.478754
2.526955 39.478167
2.527835 39.47758
2.527835 39.47494
2.527541 39.474647
2.526661 39.474647
2.525781 39.473767
2.524901 39.473767
2.522554 39.476114
2.521968 39.47582
2.521968 39.47494
2.522848 39.47406
2.522848 39.47318
2.523434 39.472887
2.524021 39.472887
2.525488 39.471713
2.524608 39.470833
2.524608 39.469953
2.523728 39.469073
2.523728 39.463206
2.526368 39.460859
2.526368 39.459979
2.525488 39.459099
2.525488 39.458219
2.523434 39.456166
2.522554 39.456166
2.521968 39.456752
2.521968 39.457339
2.521674 39.457926
2.517567 39.457926
2.516687 39.458806
2.513167 39.458806
2.51258 39.457926
2.5117 39.457926
2.51082 39.458806
2.50994 39.458806
2.509647 39.459099
2.509647 39.460859
2.508473 39.462033
2.505833 39.462033
2.504953 39.461153
2.501726 39.461153
2.50114 39.461739
2.50114 39.462326
2.500259 39.463206
2.500553 39.465846
2.50114 39.466726
2.50114 39.467606
2.499966 39.46878
2.499086 39.46878
2.497619 39.470247
2.496739 39.470247
2.495859 39.471127
2.493219 39.471127
2.492339 39.472007
2.489992 39.472007
2.489112 39.472887
2.486765 39.472887
2.485885 39.472007
2.485005 39.472007
2.479138 39.46614
2.477378 39.46614
2.477084 39.466726
2.477084 39.469073
2.482952 39.47494
2.481778 39.476114
2.480898 39.476114
2.480018 39.476994
2.479138 39.476994
2.478845 39.47758
2.478845 39.478461
2.477965 39.479341
2.477965 39.482567
2.477084 39.483448
2.477084 39.484034
2.477965 39.484914
2.477965 39.487555
2.480311 39.489901
2.480311 39.491661
2.479138 39.492835
2.476791 39.492835
2.475911 39.493715
2.474151 39.493715
2.472391 39.491955
2.471804 39.491955
2.470044 39.490488
2.468284 39.490488
2.46799 39.490781
2.46799 39.491661
2.46623 39.493422
2.46623 39.494008
2.46799 39.495768
2.467404 39.496355
2.465644 39.496355
2.464177 39.497822
2.461537 39.497822
2.460363 39.499289
2.460363 39.501636
2.462123 39.503396
2.46095 39.504569
2.45831 39.504569
2.457136 39.505742
2.45831 39.507209
2.45919 39.507209
2.459483 39.507503
2.459483 39.509263
2.463297 39.513076
2.466524 39.512783
2.468284 39.511316
2.469164 39.511316
2.469457 39.51161
2.46711 39.51425
2.467404 39.514543
2.470924 39.514543
2.471511 39.513663
2.473271 39.513663
2.474151 39.514543
2.479138 39.514543
2.479725 39.514836
2.479725 39.515717
2.480311 39.516597
2.480311 39.518357
2.480018 39.51865
2.475031 39.51865
2.474151 39.51953
2.467404 39.51953
2.46711 39.520117
2.46711 39.524224
2.465057 39.526277
2.463297 39.526277
2.463003 39.526571
2.463003 39.528331
2.46007 39.531264
2.45919 39.531264
2.458016 39.532438
2.458016 39.533318
2.45655 39.534491
2.454203 39.534491
2.453616 39.535078
2.453616 39.535958
2.452443 39.537131
2.451563 39.537131
2.449216 39.534491
2.447456 39.534491
2.446576 39.533611
2.443349 39.533611
2.442469 39.533024
2.440709 39.533024
2.440415 39.532438
2.440415 39.529211
2.439242 39.528037
2.432495 39.527744
2.431615 39.527157
2.430734 39.527157
2.429854 39.527744
2.426628 39.524517
2.425747 39.524517
2.425161 39.523637
2.422521 39.523637
2.42164 39.52305
2.41988 39.52305
2.418707 39.524224
2.419587 39.525104
2.419587 39.525691
2.421347 39.527451
2.421347 39.528331
2.422814 39.530091
2.422814 39.530678
2.423694 39.531558
2.423694 39.533318
2.422814 39.534198
2.422814 39.535665
2.423694 39.536545
2.423401 39.537131
2.422521 39.537131
2.42164 39.538011
2.419 39.538011
2.418414 39.538598
2.414893 39.538598
2.414013 39.538011
2.411666 39.538011
2.410786 39.537131
2.409026 39.537131
2.408146 39.536251
2.407559 39.536251
2.406973 39.535958
2.406973 39.535078
2.407853 39.534198
2.407853 39.533318
2.408733 39.532438
2.408733 39.531558
2.406973 39.530091
2.406973 39.529211
2.404626 39.526571
2.404626 39.525691
2.404039 39.525397
2.402572 39.525397
2.401692 39.524517
2.399932 39.524517
2.399052 39.523637
2.396705 39.523637
2.395825 39.522757
2.394065 39.522757
2.393478 39.52217
2.391718 39.52217
2.390838 39.52129
2.386731 39.52129
2.386145 39.521584
2.386145 39.526571
2.386731 39.527157
2.388198 39.527157
2.389665 39.528331
2.389665 39.530678
2.390252 39.531558
2.390252 39.532438
2.389078 39.533611
2.381744 39.533611
2.380278 39.535078
2.380278 39.535665
2.379104 39.537131
2.378224 39.537131
2.377931 39.536545
2.377931 39.535958
2.377344 39.535371
2.376757 39.535371
2.375291 39.534198
2.375291 39.532438
2.374997 39.532144
2.374117 39.532144
2.373237 39.531264
2.365023 39.531264
2.364436 39.531558
2.36473 39.532438
2.36385 39.533318
2.366197 39.535958
2.366197 39.536545
2.36737 39.538011
2.36825 39.538011
2.36913 39.538598
2.374997 39.538892
2.375877 39.539478
2.376757 39.539478
2.377637 39.540358
2.378224 39.540358
2.379104 39.541238
2.380864 39.541238
2.381744 39.542118
2.382624 39.542118
2.384091 39.543585
2.384971 39.543585
2.385851 39.544465
2.386731 39.544465
2.387318 39.545345
2.388198 39.545345
2.389078 39.546225
2.389958 39.546225
2.390252 39.546519
2.390252 39.547399
2.389958 39.547986
2.389078 39.547986
2.388198 39.548866
2.387611 39.548866
2.386731 39.547986
2.384971 39.547986
2.384091 39.547105
2.383211 39.547105
2.382331 39.546225
2.380864 39.546225
2.380278 39.545932
2.380278 39.545052
2.379104 39.543879
2.374117 39.543585
2.371477 39.546225
2.37089 39.546225
2.369423 39.547399
2.369717 39.550039
2.368837 39.550919
2.369717 39.551799
2.369717 39.552386
2.36737 39.554439
2.366783 39.554439
2.365903 39.553559
2.362383 39.553853
2.36209 39.554146
2.36209 39.555026
2.360036 39.55708
2.359156 39.55708
2.358276 39.55796
2.355929 39.55796
2.355342 39.558253
2.355342 39.560013
2.356222 39.560893
2.356222 39.56236
2.355049 39.563827
2.352409 39.563827
2.351529 39.562947
2.350942 39.562947
2.350062 39.563827
2.349182 39.563827
2.348009 39.565
2.348009 39.56588
2.349475 39.56764
2.349475 39.568227
2.351235 39.569987
2.351235 39.570867
2.352116 39.571747
2.352116 39.573214
2.352409 39.573801
2.353289 39.573801
2.353582 39.574094
2.353582 39.576734
2.354462 39.577614
2.354169 39.577908
2.353289 39.577908
2.352409 39.578788
2.351529 39.578788
2.350355 39.579961
2.350355 39.581721
2.349475 39.582601
2.349475 39.583188
2.349182 39.583775
2.348302 39.582895
2.347128 39.584068
2.347128 39.585828
2.346248 39.586708
2.346248 39.588175
2.347128 39.589055
2.347128 39.591695
2.348009 39.592575
2.348009 39.594922
2.349182 39.596096
2.350062 39.596096
2.350942 39.596976
2.355929 39.596976
2.356222 39.597562
2.356222 39.599909
2.357103 39.600789
2.356222 39.601669
2.356222 39.604896
2.357396 39.606363
2.358276 39.606363
2.359156 39.60695
2.360036 39.60695
2.360916 39.60783
2.361503 39.60783
2.365023 39.61135
2.365903 39.61135
2.36825 39.613697
2.36913 39.613697
2.37089 39.615457
2.37177 39.615457
2.372357 39.616337
2.375877 39.616337
2.376757 39.615457
2.377637 39.615457
2.378224 39.616337
2.380864 39.616337
2.381744 39.615457
2.384091 39.615457
2.384971 39.614577
2.385851 39.615457
2.386731 39.615457
2.387611 39.616337
2.388198 39.616337
2.389078 39.617217
2.389958 39.617217
2.390838 39.617804
2.394065 39.617804
2.394652 39.618391
2.394652 39.619857
2.396705 39.621911
2.397585 39.621911
2.398172 39.622791
2.399052 39.622791
2.399932 39.622204
2.400812 39.621911
2.401692 39.622791
2.402572 39.622791
2.403453 39.623671
2.404039 39.623671
2.405799 39.625431
2.406679 39.625431
2.40844 39.626898
2.409026 39.626898
2.411666 39.629538
2.414893 39.629538
2.415773 39.630418
2.417534 39.630418
2.418414 39.631298
2.41988 39.631298
2.42076 39.632178
2.42164 39.632178
2.421934 39.632472
2.422227 39.636579
2.422814 39.637459
2.422814 39.639219
2.423401 39.639512
2.425747 39.639512
2.426628 39.640392
2.427508 39.640392
2.430148 39.643032
2.431615 39.643032
2.432495 39.643619
2.434255 39.643619
2.434841 39.644499
2.438362 39.644499
2.439242 39.645379
2.440709 39.645379
2.443349 39.648019
2.444815 39.648019
2.445696 39.648606
2.446576 39.648606
2.448336 39.650366
2.449803 39.650366
2.450976 39.651246
2.453323 39.651246
2.454203 39.652126
2.45655 39.652126
2.45743 39.653006
2.461537 39.653006
2.465057 39.656233
2.465937 39.656233
2.468284 39.658873
2.469164 39.658873
2.470044 39.65946
2.471511 39.65946
2.475324 39.663274
2.475324 39.664154
2.477378 39.666207
2.478258 39.666207
2.479725 39.667381
2.479431 39.668261
2.480311 39.669141
2.480311 39.671781
2.482365 39.673835
2.485005 39.673835
2.485885 39.672954
2.489112 39.672954
2.491752 39.675301
2.492339 39.675301
2.493806 39.676768
2.493806 39.677355
2.494686 39.678235
2.494686 39.680875
2.497033 39.683222
2.497033 39.684102
2.497619 39.684689
2.498206 39.684689
2.499086 39.685275
2.499966 39.685275
2.500846 39.686155
2.501726 39.686155
2.502606 39.687036
2.503193 39.687036
2.50466 39.688209
2.50466 39.689089
2.505833 39.690556
2.506713 39.690556
2.507593 39.691142
2.5117 39.691142
2.513167 39.692903
2.514927 39.692903
2.515807 39.692023
2.516687 39.692023
2.521088 39.696716
2.521088 39.697596
2.523434 39.69965
2.524021 39.69965
2.525488 39.700823
2.525488 39.701703
2.525781 39.701997
2.526661 39.701997
2.527541 39.702877
2.531648 39.702877
2.532528 39.701997
2.533409 39.701997
2.533995 39.701117
2.538396 39.701117
2.539276 39.70053
2.541622 39.70053
2.543383 39.701997
2.544849 39.700236
2.546609 39.70053
2.54749 39.701117
2.54925 39.701117
2.55013 39.70053
2.551596 39.70053
2.552477 39.701117
2.555703 39.701117
2.556584 39.701997
2.557464 39.701997
2.558344 39.702877
2.559224 39.702877
2.560104 39.703757
2.560984 39.703757
2.561571 39.704637
2.562451 39.704637
2.565091 39.706984
2.566558 39.706984
2.567438 39.707864
2.568318 39.707864
2.572425 39.711971
2.573305 39.711971
2.575065 39.713731
2.575945 39.713731
2.577412 39.715491
2.579172 39.715491
2.580052 39.716371
2.584159 39.716078
2.585039 39.716958
2.585919 39.716958
2.587972 39.719011
2.587972 39.719891
2.596186 39.728398
2.596186 39.729865
2.597066 39.730745
2.597066 39.731625
2.597946 39.732505
2.597946 39.733386
2.59824 39.733679
2.59912 39.733679
2.60176 39.736319
2.602347 39.736319
2.604987 39.738666
2.605867 39.738666
2.606747 39.739546
2.607334 39.739546
2.609094 39.741306
2.609974 39.741306
2.610854 39.741893
2.611734 39.741893
2.612614 39.742773
2.613201 39.742773
2.614081 39.743653
2.614961 39.743653
2.616721 39.745413
2.617601 39.745413
2.618188 39.746293
2.619068 39.746293
2.622882 39.750107
2.622882 39.750693
2.623762 39.751573
2.623762 39.754214
2.622588 39.755387
2.621708 39.755387
2.620828 39.756267
2.619948 39.756267
2.619655 39.756561
2.619655 39.757441
2.619948 39.757734
2.621708 39.757734
2.622588 39.758614
2.623175 39.758614
2.624642 39.757441
2.624642 39.756561
2.626695 39.754507
2.628749 39.756561
2.628749 39.757441
2.630509 39.759201
2.630509 39.760081
2.631096 39.760667
2.631096 39.761548
2.631976 39.762428
2.631976 39.763308
2.634909 39.766241
2.637549 39.766241
2.638429 39.765361
2.639016 39.765361
2.639603 39.765068
2.639603 39.764188
2.640483 39.763308
2.640483 39.762428
2.640776 39.762134
2.641656 39.763014
2.644296 39.763014
2.646643 39.765361
2.647523 39.765361
2.648403 39.766241
2.64987 39.766241
2.65163 39.768001
2.65251 39.768001
2.654857 39.770348
2.655737 39.770348
2.656617 39.771228
2.658377 39.771228
2.659258 39.772108
2.660724 39.772108
2.661604 39.772988
2.662484 39.772988
2.664538 39.775042
2.664538 39.775922
2.665418 39.776509
2.665418 39.778269
2.663658 39.780029
2.663658 39.782376
2.667178 39.785896
2.666298 39.786776
2.666298 39.788243
2.667765 39.790003
2.668058 39.792643
2.669232 39.793817
2.670112 39.793817
2.670698 39.794697
2.671578 39.794697
2.673339 39.796163
2.674219 39.796163
2.674805 39.797043
2.675979 39.797043
2.676565 39.797923
2.677446 39.797923
2.680086 39.80027
2.681552 39.80027
2.683313 39.798804
2.685073 39.798804
2.685366 39.798217
2.685366 39.79675
2.684486 39.79587
2.685073 39.795283
2.68918 39.795283
2.691233 39.79323
2.691233 39.792643
2.691527 39.792056
2.692407 39.792936
2.694167 39.792936
2.69622 39.79499
2.69622 39.79587
2.69534 39.79675
2.69534 39.79763
2.695047 39.797923
2.694167 39.797923
2.693287 39.797043
2.6883 39.797043
2.688006 39.797337
2.688006 39.798217
2.68918 39.799684
2.691527 39.799684
2.692113 39.799977
2.692113 39.800857
2.692993 39.801737
2.692993 39.803204
2.693873 39.804084
2.69358 39.805844
2.69798 39.809951
2.69798 39.810831
2.700914 39.813765
2.702087 39.812591
2.702087 39.811711
2.703261 39.810244
2.704141 39.810244
2.705021 39.811124
2.705901 39.811124
2.709421 39.814938
2.709421 39.815818
2.708834 39.816698
2.708834 39.817578
2.707954 39.818165
2.707954 39.819925
2.708248 39.820512
2.710888 39.820218
2.711181 39.819925
2.711181 39.817578
2.711768 39.816992
2.712941 39.818165
2.712941 39.819045
2.713235 39.819632
2.714115 39.819632
2.714995 39.820512
2.715875 39.820512
2.716755 39.819632
2.717635 39.819632
2.719982 39.821979
2.721742 39.821979
2.722329 39.822859
2.723209 39.822859
2.724089 39.823739
2.724969 39.823739
2.725849 39.824619
2.726729 39.824619
2.727022 39.824912
2.727022 39.826672
2.727609 39.826966
2.728196 39.826966
2.729076 39.827846
2.732303 39.827846
2.733476 39.828726
2.734943 39.828726
2.735823 39.829606
2.736703 39.829606
2.737877 39.830779
2.737877 39.831659
2.73905 39.832833
2.73993 39.832833
2.74081 39.833713
2.74169 39.833713
2.74257 39.834593
2.745797 39.834593
2.746971 39.833419
2.746971 39.829899
2.748437 39.828726
2.749024 39.829606
2.752544 39.829606
2.753424 39.830486
2.754304 39.830486
2.754891 39.831366
2.755771 39.831366
2.756651 39.831953
2.758411 39.831953
2.758998 39.832833
2.759878 39.832833
2.761638 39.834593
2.762518 39.834593
2.766332 39.838406
2.765452 39.838993
2.765452 39.839873
2.764572 39.840753
2.765452 39.841633
2.765452 39.842513
2.765745 39.842807
2.768972 39.842807
2.769852 39.84222
2.770732 39.84222
2.771612 39.84134
2.775133 39.84134
2.775426 39.841633
2.773666 39.843393
2.773666 39.844273
2.772786 39.84486
2.772786 39.8475
2.773372 39.847794
2.774252 39.847794
2.774546 39.84838
2.774546 39.84926
2.773666 39.849847
2.773666 39.850727
2.772786 39.851607
2.772786 39.852487
2.777479 39.857181
2.783346 39.857181
2.785693 39.854541
2.787453 39.854541
2.78804 39.854834
2.78804 39.855714
2.790094 39.857768
2.79244 39.858061
2.793321 39.857181
2.794201 39.857181
2.795081 39.856301
2.798308 39.856301
2.800948 39.853661
2.801534 39.853661
2.802414 39.854541
2.803295 39.854541
2.803881 39.854834
2.803001 39.855714
2.803001 39.857474
2.802121 39.858354
2.802121 39.859235
2.801241 39.860115
2.801241 39.861581
2.802121 39.862461
2.802121 39.863341
2.804175 39.865395
2.805055 39.865395
2.806521 39.863635
2.809162 39.863635
2.810335 39.862461
2.810335 39.860115
2.810922 39.859528
2.811508 39.860408
2.815909 39.860408
2.816789 39.859528
2.817376 39.860408
2.820016 39.860408
2.820896 39.859528
2.821776 39.859528
2.822069 39.860115
2.822069 39.860701
2.824123 39.862755
2.825296 39.861581
2.825296 39.860115
2.824416 39.859235
2.825003 39.858648
2.82911 39.862755
2.83087 39.862755
2.83175 39.863635
2.834097 39.863635
2.837617 39.867155
2.839964 39.867155
2.841137 39.865688
2.841137 39.864222
2.842604 39.863048
2.843191 39.863048
2.843777 39.863341
2.843777 39.865102
2.844951 39.866275
2.845831 39.866275
2.846124 39.866568
2.846124 39.867448
2.849058 39.870382
2.849938 39.870382
2.851991 39.872435
2.851991 39.875076
2.853165 39.876249
2.855805 39.876249
2.856685 39.877129
2.861672 39.877129
2.862552 39.877716
2.864899 39.877716
2.865779 39.878596
2.866659 39.878596
2.867539 39.877716
2.868419 39.877716
2.869299 39.878596
2.872526 39.878596
2.873113 39.879476
2.874286 39.879476
2.87634 39.881529
2.87634 39.88241
2.877513 39.883583
2.878393 39.883583
2.879273 39.884463
2.87986 39.884463
2.88074 39.885343
2.88162 39.885343
2.8825 39.886223
2.88338 39.886223
2.88426 39.887103
2.884847 39.887103
2.887781 39.890037
2.887781 39.890917
2.889834 39.89297
2.890714 39.89297
2.891594 39.89385
2.893354 39.89385
2.895701 39.896197
2.896581 39.896197
2.897461 39.897077
2.898341 39.897077
2.899221 39.897957
2.900688 39.897957
2.901568 39.898837
2.902448 39.898837
2.903328 39.899424
2.906555 39.899424
2.907142 39.899131
2.907142 39.898251
2.908315 39.897077
2.910076 39.897077
2.910662 39.897957
2.912422 39.897957
2.913302 39.898837
2.915943 39.898837
2.916529 39.897957
2.917116 39.898251
2.917116 39.901771
2.918289 39.902944
2.91917 39.902944
2.92005 39.903824
2.92093 39.903824
2.92181 39.902944
2.922396 39.902944
2.923277 39.902064
2.925917 39.902064
2.926503 39.902944
2.927383 39.902944
2.928264 39.903824
2.93237 39.903824
2.937064 39.908225
2.937064 39.909105
2.937944 39.909985
2.937944 39.910865
2.940878 39.913798
2.941758 39.913798
2.942345 39.914679
2.943225 39.914679
2.943811 39.914972
2.943811 39.915852
2.944398 39.916732
2.944398 39.917612
2.946745 39.919666
2.947625 39.919666
2.949972 39.922012
2.950852 39.922012
2.952905 39.919959
2.952905 39.919079
2.953199 39.918785
2.954959 39.918785
2.955839 39.917905
2.956719 39.917905
2.957306 39.917025
2.959066 39.917025
2.960826 39.915559
2.961706 39.916145
2.963466 39.916145
2.963759 39.915852
2.963759 39.913212
2.964053 39.912918
2.964933 39.912918
2.965813 39.912038
2.967573 39.912038
2.96816 39.911158
2.96992 39.911158
2.9708 39.910278
2.97168 39.911158
2.97256 39.911158
2.973147 39.912038
2.974027 39.912038
2.975787 39.910278
2.976667 39.910278
2.977547 39.911158
2.980774 39.911158
2.981654 39.910278
2.985174 39.910278
2.985761 39.911158
2.986641 39.911158
2.988401 39.912918
2.988988 39.912918
2.991628 39.915265
2.992508 39.915265
2.994562 39.917612
2.994562 39.918199
2.994855 39.918785
2.996615 39.918785
2.998962 39.921426
2.999549 39.923186
3.000135 39.923773
2.544556 39.504276
2.544556 39.505742
2.544849 39.506329
2.545729 39.506329
2.546609 39.505449
2.54749 39.505449
2.548663 39.504276
2.548663 39.502516
2.54837 39.502222
2.546609 39.502222
2.544556 39.504276
2.455376 39.503396
2.455376 39.504276
2.455963 39.504569
2.45655 39.504569
2.458016 39.503396
2.458016 39.502516
2.45743 39.502222
2.45655 39.502222
2.455376 39.503396
2.586212 39.528331
2.586212 39.529211
2.588266 39.531264
2.590906 39.531264
2.591199 39.530971
2.591199 39.530091
2.589146 39.528037
2.586506 39.528037
2.586212 39.528331
2.448042 39.495768
2.448042 39.496649
2.450389 39.498995
2.450389 39.499875
2.451563 39.501049
2.452443 39.501342
2.453323 39.502222
2.455083 39.502222
2.456256 39.500755
2.45567 39.500462
2.454203 39.500462
2.453616 39.499875
2.453616 39.499289
2.453029 39.498409
2.453029 39.497529
2.450683 39.495475
2.448336 39.495475
2.448042 39.495768
2.572131 39.530091
2.573305 39.531264
2.575652 39.531264
2.576238 39.530678
2.576238 39.529211
2.575652 39.528624
2.575065 39.528624
2.574185 39.529504
2.572425 39.529504
2.572131 39.530091
2.303712 39.572627
2.303712 39.573214
2.304592 39.574094
2.304592 39.574974
2.306352 39.576734
2.306059 39.577614
2.306939 39.578201
2.306939 39.580841
2.309872 39.583775
2.310753 39.583775
2.312513 39.585535
2.313393 39.585535
2.313979 39.586122
2.31486 39.586122
2.31574 39.587002
2.3175 39.587002
2.31838 39.587882
2.318966 39.587882
2.320433 39.589055
2.320433 39.589935
2.323367 39.592869
2.324247 39.592869
2.324834 39.593749
2.325714 39.593749
2.326594 39.594629
2.328354 39.594629
2.328941 39.595216
2.330701 39.595509
2.331581 39.596389
2.334221 39.596389
2.336568 39.598736
2.340088 39.598736
2.340381 39.598442
2.340381 39.596682
2.340088 39.596096
2.339208 39.596096
2.338034 39.594922
2.338328 39.594629
2.339208 39.594629
2.339501 39.594042
2.339501 39.592575
2.339208 39.591989
2.338328 39.591989
2.334221 39.587882
2.333341 39.587882
2.332461 39.587002
2.330114 39.587002
2.327767 39.584948
2.327767 39.584068
2.325714 39.582015
2.325127 39.582015
2.32454 39.581721
2.32454 39.580841
2.31838 39.574387
2.3175 39.574387
2.31662 39.573801
2.309872 39.573801
2.309579 39.573214
2.309579 39.572334
2.308112 39.571161
2.304885 39.571161
2.303712 39.572627
2.348009 39.576734
2.348009 39.578201
2.348302 39.578788
2.350062 39.578788
2.351235 39.577614
2.351235 39.576734
2.350942 39.576148
2.348302 39.576148
2.348009 39.576734
3.000135 39.923773
3.001602 39.925533
3.004829 39.925533
3.007469 39.927879
3.010696 39.927879
3.011576 39.92876
3.012456 39.92876
3.014216 39.93052
3.015976 39.93052
3.016563 39.9314
3.017443 39.9314
3.018323 39.931986
3.019203 39.931986
3.020083 39.932866
3.02067 39.932866
3.02155 39.933747
3.02243 39.933747
3.02331 39.934627
3.02419 39.934627
3.02507 39.935507
3.026831 39.935507
3.028297 39.936973
3.029177 39.936387
3.035045 39.936387
3.035338 39.9358
3.035338 39.93492
3.033284 39.932866
3.032404 39.932866
3.032111 39.932573
3.032404 39.931986
3.035045 39.931986
3.041498 39.938734
3.043258 39.938734
3.043845 39.93844
3.043845 39.93668
3.042378 39.935507
3.041498 39.935507
3.038858 39.932573
3.038858 39.931693
3.039151 39.9314
3.044139 39.931106
3.045019 39.931986
3.045899 39.931986
3.046779 39.932866
3.047365 39.932866
3.048245 39.933747
3.051766 39.933747
3.052352 39.934627
3.054993 39.934627
3.055873 39.935507
3.057339 39.935507
3.05822 39.934627
3.0591 39.934627
3.05998 39.933747
3.06174 39.933747
3.062033 39.93316
3.062033 39.932573
3.061153 39.931693
3.061153 39.930813
3.058806 39.928466
3.058806 39.925826
3.057926 39.924946
3.057926 39.924066
3.057046 39.923186
3.057339 39.922892
3.0591 39.922892
3.06086 39.921132
3.06174 39.922012
3.06262 39.922012
3.064087 39.923773
3.065847 39.923773
3.066727 39.924653
3.068194 39.924653
3.069074 39.923773
3.069954 39.923773
3.070834 39.924653
3.072594 39.924653
3.073181 39.923773
3.074061 39.924653
3.074941 39.924653
3.075821 39.925533
3.076701 39.925533
3.077581 39.926413
3.079928 39.926413
3.083448 39.92964
3.084035 39.92964
3.084915 39.93052
3.085795 39.93052
3.086675 39.931106
3.087555 39.931106
3.089022 39.932866
3.089902 39.932866
3.091955 39.93492
3.091955 39.9358
3.092542 39.936093
3.093422 39.936093
3.094302 39.936973
3.101636 39.936973
3.101929 39.93668
3.101929 39.93492
3.099876 39.932866
3.098996 39.932866
3.096356 39.929933
3.096649 39.92964
3.098409 39.92964
3.098996 39.93052
3.099876 39.93052
3.100756 39.931106
3.101636 39.931106
3.102516 39.931986
3.103396 39.931986
3.104276 39.932866
3.104863 39.932866
3.105743 39.933747
3.106623 39.932866
3.110143 39.932866
3.11073 39.933747
3.114837 39.933747
3.116597 39.935507
3.118357 39.935507
3.119531 39.93404
3.119531 39.933453
3.120117 39.932866
3.120704 39.932866
3.121584 39.933747
3.122464 39.933747
3.123344 39.934627
3.124224 39.934627
3.125691 39.936387
3.126571 39.936387
3.127451 39.936973
3.128331 39.936973
3.131265 39.939907
3.131265 39.940787
3.132145 39.941667
3.132145 39.944014
3.131558 39.944601
3.130091 39.944601
3.129505 39.944894
3.129505 39.945774
3.131558 39.947828
3.132438 39.947828
3.133318 39.946948
3.135665 39.946948
3.136545 39.947828
3.138305 39.947828
3.139185 39.948708
3.140065 39.948708
3.140945 39.949588
3.141826 39.949588
3.142412 39.950468
3.143292 39.950468
3.144172 39.951348
3.145052 39.951348
3.146226 39.952521
3.146226 39.954868
3.146813 39.955455
3.147399 39.955455
3.148279 39.956335
3.15092 39.956335
3.1518 39.957215
3.152386 39.957215
3.153266 39.957802
3.156493 39.957802
3.157373 39.958682
3.159133 39.958682
3.160014 39.957802
3.160894 39.957802
3.16412 39.961322
3.166761 39.961322
3.167347 39.960442
3.169107 39.960442
3.169988 39.961322
3.172628 39.961322
3.173214 39.962202
3.174975 39.962202
3.175855 39.962789
3.180842 39.962789
3.181135 39.962495
3.181135 39.961615
3.180255 39.960735
3.181135 39.959855
3.181135 39.958388
3.179962 39.956922
3.179082 39.956922
3.175855 39.953695
3.174975 39.953695
3.173801 39.952521
3.174095 39.952228
3.179962 39.952228
3.180842 39.952815
3.181722 39.952815
3.184949 39.956335
3.185829 39.956335
3.187589 39.957802
3.188176 39.957802
3.189056 39.958682
3.189936 39.958682
3.190816 39.959562
3.192576 39.959562
3.193749 39.958388
3.193749 39.957508
3.192869 39.956628
3.192869 39.955748
3.193163 39.955455
3.194923 39.955455
3.195803 39.956335
3.197563 39.956335
3.198443 39.957215
3.19903 39.957215
3.19991 39.957802
3.20167 39.957802
3.20255 39.958682
3.204897 39.958682
3.206657 39.960442
3.207537 39.960442
3.210764 39.963669
3.214871 39.963669
3.215457 39.963375
3.215457 39.961615
3.214577 39.960735
3.214577 39.958388
3.213697 39.957508
3.213697 39.955748
3.212524 39.954575
3.211644 39.954575
3.210764 39.953695
3.209884 39.953695
3.208417 39.952228
3.207537 39.952228
3.20695 39.951641
3.20695 39.950761
3.206363 39.949881
3.20607 39.948414
3.205483 39.947534
3.205483 39.946654
3.20343 39.944601
3.20255 39.944601
3.20167 39.943721
3.198443 39.943721
3.197563 39.942841
3.196683 39.942841
3.194043 39.940494
3.192576 39.940494
3.190229 39.942547
3.190229 39.943427
3.189936 39.943721
3.189056 39.943721
3.188762 39.943427
3.189642 39.942547
3.189642 39.940787
3.189056 39.940494
3.188469 39.940494
3.187589 39.939614
3.184949 39.939614
3.184069 39.940494
3.183188 39.940494
3.182895 39.939907
3.184655 39.93844
3.184069 39.937854
3.179962 39.937854
3.179082 39.936973
3.178201 39.936973
3.177615 39.936093
3.176735 39.936093
3.175855 39.935507
3.174975 39.935507
3.174095 39.934627
3.173214 39.934627
3.171748 39.932866
3.170868 39.932866
3.169988 39.931986
3.169107 39.931986
3.168227 39.931106
3.166467 39.931106
3.16324 39.927879
3.16236 39.927879
3.161774 39.926999
3.160894 39.926999
3.160014 39.926119
3.159133 39.926119
3.158253 39.925533
3.157373 39.925533
3.156493 39.924653
3.155907 39.924653
3.155026 39.923773
3.152386 39.923773
3.1518 39.924653
3.145932 39.924653
3.145052 39.925533
3.144172 39.925533
3.143586 39.925826
3.143586 39.926706
3.142412 39.927879
3.133318 39.927879
3.132438 39.926999
3.131558 39.926999
3.131265 39.926706
3.131265 39.925826
3.130385 39.924946
3.130385 39.919959
3.129505 39.919079
3.129505 39.918199
3.127451 39.916145
3.123344 39.916145
3.122464 39.915559
3.121584 39.915559
3.118357 39.912038
3.117477 39.912038
3.116597 39.911158
3.11337 39.911158
3.11249 39.912038
3.11073 39.912038
3.110437 39.911745
3.110437 39.910865
3.109557 39.909985
3.109557 39.909105
3.111317 39.907345
3.111317 39.905878
3.111903 39.904998
3.111903 39.903238
3.112783 39.902358
3.112783 39.901771
3.111903 39.900891
3.111903 39.900011
3.11161 39.899717
3.11073 39.899717
3.109557 39.900891
3.109557 39.901771
3.10809 39.903238
3.10809 39.904998
3.106623 39.906171
3.104276 39.906171
3.100756 39.909691
3.096649 39.909691
3.095769 39.910278
3.092542 39.910278
3.091662 39.911158
3.089022 39.911158
3.088435 39.910278
3.087555 39.910278
3.081981 39.904998
3.081981 39.904118
3.081101 39.903238
3.081101 39.902358
3.080514 39.901771
3.080221 39.895904
3.079634 39.895024
3.079634 39.891797
3.080221 39.890917
3.080221 39.888277
3.081395 39.887397
3.081395 39.88593
3.081981 39.88505
3.081981 39.88329
3.082861 39.88241
3.082861 39.880063
3.083741 39.879183
3.083741 39.878303
3.084621 39.877423
3.084621 39.876542
3.086968 39.874196
3.086968 39.873316
3.087848 39.872435
3.087848 39.871555
3.088728 39.870969
3.088728 39.870089
3.092542 39.866275
3.093422 39.866275
3.094889 39.864515
3.095769 39.864515
3.098409 39.862168
3.099289 39.862168
3.099876 39.861288
3.100756 39.861288
3.101636 39.860408
3.103396 39.860408
3.104276 39.859528
3.104863 39.859528
3.105743 39.858648
3.106623 39.858648
3.107503 39.859528
3.109263 39.859528
3.11161 39.862168
3.11337 39.862168
3.113664 39.862461
3.113664 39.863341
3.115717 39.865395
3.118357 39.865395
3.118651 39.865102
3.118651 39.863341
3.119237 39.862755
3.121584 39.865395
3.123344 39.865395
3.124224 39.864515
3.125104 39.864515
3.127158 39.866568
3.127158 39.867448
3.129211 39.869502
3.130091 39.869502
3.130971 39.870382
3.134198 39.870382
3.134492 39.870089
3.134492 39.869209
3.135372 39.868329
3.135372 39.867448
3.135665 39.867155
3.137425 39.867155
3.138305 39.866275
3.140065 39.866275
3.140945 39.867155
3.145052 39.867155
3.145932 39.868035
3.146519 39.868035
3.151506 39.873022
3.158253 39.872729
3.159133 39.873609
3.160894 39.873609
3.161774 39.874489
3.16236 39.874489
3.164414 39.876542
3.164414 39.877423
3.165881 39.878889
3.169107 39.878889
3.169988 39.878009
3.170281 39.878303
3.170281 39.879183
3.170868 39.879476
3.173214 39.879476
3.174095 39.880356
3.174975 39.880356
3.178201 39.883876
3.179082 39.883876
3.179962 39.884463
3.182602 39.884463
3.183188 39.885343
3.184069 39.885343
3.184949 39.886223
3.185829 39.886223
3.186709 39.887103
3.187589 39.887103
3.187882 39.887397
3.187002 39.888277
3.187002 39.890037
3.187589 39.89033
3.188469 39.89033
3.188762 39.890917
3.188762 39.891504
3.189936 39.89297
3.190816 39.89297
3.191696 39.89385
3.195803 39.89385
3.197563 39.89209
3.20079 39.89209
3.20167 39.89121
3.20431 39.89121
3.204603 39.890917
3.204603 39.889157
3.203137 39.887983
3.20167 39.887983
3.19903 39.885343
3.198443 39.885343
3.196683 39.883583
3.195803 39.883583
3.194043 39.882116
3.191696 39.882116
3.190816 39.881236
3.189056 39.881236
3.188762 39.880943
3.191109 39.878303
3.191109 39.877423
3.190816 39.877129
3.188176 39.877129
3.187882 39.876542
3.187882 39.875956
3.188762 39.875076
3.188762 39.874196
3.187589 39.873022
3.186709 39.873022
3.186122 39.872435
3.186122 39.867448
3.187002 39.866568
3.187002 39.864222
3.188176 39.862755
3.189936 39.862755
3.190816 39.863635
3.192576 39.863635
3.193456 39.864515
3.195803 39.864515
3.196976 39.863341
3.196976 39.860115
3.194629 39.857474
3.194629 39.856594
3.191696 39.853661
3.190816 39.853661
3.189056 39.852194
3.188469 39.852194
3.186122 39.850141
3.186122 39.84926
3.184655 39.8475
3.184655 39.84662
3.183775 39.84574
3.183775 39.84486
3.182602 39.843687
3.181722 39.843687
3.180548 39.842513
3.180548 39.841633
3.179082 39.84046
3.177321 39.84046
3.176735 39.83958
3.175855 39.83958
3.174975 39.8387
3.174095 39.8387
3.173214 39.83782
3.171748 39.83782
3.170868 39.83694
3.167641 39.83694
3.166467 39.83782
3.16236 39.83782
3.161774 39.837233
3.154146 39.83694
3.153266 39.836353
3.1518 39.836353
3.15092 39.835473
3.150039 39.835473
3.149159 39.834593
3.145052 39.834593
3.144172 39.833713
3.143292 39.833713
3.141532 39.831953
3.140065 39.831953
3.139479 39.832539
3.139479 39.834299
3.140065 39.834593
3.140652 39.834593
3.141239 39.834886
3.141239 39.835766
3.136545 39.84046
3.135078 39.84046
3.134198 39.84134
3.129211 39.84134
3.128331 39.84046
3.127451 39.84046
3.122757 39.835766
3.122757 39.834886
3.122171 39.834006
3.122171 39.833419
3.121291 39.832539
3.121291 39.831659
3.120411 39.830779
3.120411 39.829899
3.119531 39.829019
3.119531 39.827552
3.118651 39.826672
3.118651 39.824032
3.118064 39.823445
3.11777 39.822565
3.11689 39.821685
3.117184 39.818458
3.11777 39.817578
3.11777 39.814058
3.118651 39.813178
3.118651 39.809951
3.119531 39.809071
3.119531 39.806724
3.120411 39.805844
3.120411 39.804964
3.121291 39.804084
3.121291 39.803204
3.123051 39.801737
3.123051 39.800857
3.123638 39.799977
3.123638 39.799097
3.124518 39.798217
3.124518 39.79763
3.125398 39.79675
3.125398 39.79587
3.126278 39.79499
3.126278 39.79411
3.129505 39.790883
3.129505 39.790003
3.135372 39.784136
3.135372 39.783256
3.138305 39.780322
3.139185 39.780322
3.141532 39.777975
3.142412 39.777975
3.146813 39.773868
3.147399 39.773868
3.149159 39.772108
3.150039 39.772108
3.151506 39.770348
3.152386 39.770348
3.154146 39.768881
3.155907 39.768881
3.156787 39.768001
3.157373 39.768001
3.159133 39.766241
3.16324 39.766241
3.16412 39.765361
3.165001 39.765361
3.165881 39.764481
3.167347 39.764481
3.168227 39.763894
3.169107 39.763894
3.171748 39.761254
3.173214 39.761254
3.174095 39.760374
3.174975 39.760374
3.175855 39.759494
3.176735 39.759494
3.179082 39.757147
3.179962 39.757147
3.180842 39.756267
3.184949 39.756267
3.185829 39.755387
3.186709 39.755387
3.187589 39.754507
3.188176 39.754507
3.189056 39.755387
3.189936 39.755387
3.192576 39.752747
3.194043 39.752747
3.194923 39.75216
3.195803 39.75216
3.196683 39.75128
3.197563 39.75128
3.19815 39.7504
3.20167 39.7504
3.20255 39.74952
3.20343 39.74952
3.204017 39.74864
3.204897 39.74864
3.205777 39.74776
3.206657 39.74776
3.207537 39.747173
3.208417 39.747173
3.209884 39.745413
3.211644 39.745413
3.212524 39.744533
3.213404 39.744533
3.214871 39.742773
3.216631 39.742773
3.217511 39.742186
3.218391 39.742186
3.219271 39.741306
3.221618 39.741306
3.222498 39.740426
3.224258 39.740426
3.225138 39.739546
3.225725 39.739546
3.226605 39.738666
3.227485 39.738666
3.228365 39.737786
3.229832 39.737786
3.231592 39.736319
3.232472 39.736319
3.233352 39.735439
3.234232 39.735439
3.235112 39.734559
3.235699 39.734559
3.236579 39.733679
3.238339 39.733679
3.239219 39.732799
3.239806 39.732799
3.240979 39.732212
3.245673 39.732212
3.246553 39.731332
3.2533 39.731332
3.258287 39.736319
3.262394 39.736319
3.263274 39.735439
3.270021 39.735439
3.270901 39.736319
3.273248 39.736319
3.277355 39.740426
3.278235 39.740426
3.279115 39.741306
3.285863 39.741306
3.286156 39.741599
3.286156 39.742479
3.289969 39.746293
3.29085 39.746293
3.29173 39.747173
3.29261 39.747173
3.293196 39.748053
3.294076 39.748053
3.294957 39.74864
3.299944 39.74864
3.30053 39.749227
3.300237 39.750693
3.300824 39.75128
3.301704 39.75128
3.302584 39.75216
3.30317 39.75216
3.304051 39.752747
3.304931 39.752747
3.306691 39.754507
3.307571 39.754507
3.308451 39.755387
3.309918 39.755387
3.310798 39.756267
3.312558 39.756267
3.313144 39.757147
3.314905 39.757147
3.315785 39.758027
3.319892 39.757734
3.321652 39.759494
3.322532 39.759494
3.323412 39.758614
3.324879 39.758614
3.325759 39.759494
3.326639 39.759494
3.327519 39.760374
3.328399 39.760374
3.330452 39.762428
3.330452 39.764188
3.335439 39.769175
3.335439 39.772402
3.332799 39.775042
3.332799 39.777389
3.333679 39.778269
3.333679 39.779149
3.334559 39.780029
3.334559 39.783256
3.337493 39.786189
3.338373 39.786189
3.339253 39.787069
3.340133 39.787069
3.34072 39.787949
3.34336 39.787949
3.34512 39.789416
3.345707 39.789416
3.346587 39.790296
3.348347 39.790296
3.349227 39.789416
3.350107 39.789416
3.350694 39.788829
3.351574 39.788829
3.355388 39.785016
3.355388 39.784136
3.356561 39.782962
3.357441 39.782962
3.361548 39.778855
3.363308 39.778855
3.364188 39.777975
3.365068 39.777975
3.365655 39.777095
3.366535 39.777095
3.367415 39.777975
3.368295 39.777095
3.369175 39.777095
3.370935 39.775335
3.371522 39.775335
3.374456 39.772402
3.374456 39.770055
3.375922 39.768588
3.376509 39.768881
3.377389 39.768001
3.378269 39.768001
3.379149 39.767121
3.380029 39.767121
3.380909 39.766241
3.382376 39.766241
3.383256 39.765361
3.384136 39.765361
3.385016 39.764481
3.385896 39.765361
3.39675 39.765361
3.397631 39.764481
3.398217 39.764481
3.399097 39.763894
3.399977 39.764481
3.404084 39.764481
3.405258 39.763308
3.405258 39.760667
3.405844 39.760374
3.409071 39.760374
3.410245 39.759201
3.410245 39.758321
3.411418 39.757441
3.411418 39.756561
3.413765 39.754214
3.413765 39.753334
3.414058 39.752747
3.414938 39.752747
3.415819 39.753627
3.417579 39.75216
3.418459 39.75216
3.419045 39.75304
3.426673 39.752747
3.427553 39.75216
3.428433 39.75216
3.429019 39.75128
3.4299 39.75128
3.431953 39.749227
3.431953 39.748347
3.434887 39.745413
3.435767 39.745413
3.436647 39.746293
3.440754 39.746293
3.441634 39.745413
3.452488 39.745413
3.453368 39.746293
3.454248 39.746293
3.455128 39.747173
3.455715 39.747173
3.456595 39.748053
3.457475 39.748053
3.458355 39.74864
3.459235 39.74864
3.460115 39.74952
3.460702 39.74952
3.461288 39.749227
3.461288 39.747467
3.459235 39.745413
3.458355 39.745413
3.457768 39.74512
3.457768 39.74424
3.458648 39.74336
3.458648 39.742479
3.459235 39.742186
3.460702 39.742186
3.461288 39.741599
3.461288 39.740719
3.462169 39.740133
3.460702 39.738666
3.459235 39.738666
3.458648 39.738373
3.458648 39.737492
3.458062 39.736612
3.457768 39.734852
3.455128 39.732212
3.454248 39.732212
3.452194 39.729865
3.452194 39.728398
3.452488 39.727812
3.453368 39.728692
3.455715 39.728692
3.456301 39.728398
3.454835 39.726932
3.454248 39.726932
3.452194 39.724878
3.452194 39.723998
3.453368 39.722825
3.456595 39.722825
3.457475 39.721945
3.458355 39.722825
3.459235 39.722825
3.460115 39.721945
3.461582 39.721945
3.462462 39.722825
3.463342 39.721945
3.470089 39.721945
3.470969 39.722825
3.471556 39.722825
3.473316 39.721358
3.474196 39.722238
3.474783 39.722238
3.47625 39.720771
3.47625 39.719304
3.476543 39.718718
3.477423 39.718718
3.47889 39.717544
3.47889 39.716664
3.47713 39.714904
3.47713 39.713437
3.476543 39.712851
3.475956 39.712851
3.475369 39.712557
3.475369 39.710797
3.474196 39.709624
3.473316 39.709624
3.472729 39.709917
3.472729 39.710797
3.470676 39.712851
3.470089 39.712851
3.468329 39.711091
3.462462 39.711091
3.462169 39.710797
3.462169 39.709917
3.461288 39.709037
3.461288 39.70845
3.459822 39.706984
3.459235 39.706984
3.458355 39.706104
3.457475 39.706104
3.456301 39.70493
3.456301 39.700823
3.455421 39.699943
3.456301 39.699063
3.456301 39.697303
3.455421 39.696716
3.455421 39.695836
3.454541 39.694956
3.454541 39.691729
3.454835 39.691142
3.457475 39.691142
3.457768 39.690849
3.457768 39.686742
3.458648 39.685862
3.458648 39.684982
3.457475 39.683809
3.455715 39.683809
3.454835 39.684689
3.453661 39.683222
3.453661 39.682342
3.454248 39.682048
3.455128 39.682048
3.456301 39.680875
3.456301 39.679115
3.455421 39.678235
3.455421 39.677355
3.453661 39.675888
3.453661 39.675008
3.454248 39.674715
3.454835 39.674715
3.456888 39.672368
3.456888 39.671781
3.455715 39.670314
3.453368 39.670314
3.452781 39.670021
3.453661 39.669141
3.453661 39.668261
3.454541 39.667381
3.454541 39.665914
3.453661 39.665034
3.453661 39.664154
3.454835 39.66298
3.455715 39.66298
3.456301 39.662394
3.456301 39.661514
3.457181 39.660634
3.457181 39.658287
3.456301 39.657407
3.456301 39.656527
3.454835 39.655353
3.450728 39.655353
3.449848 39.656233
3.446621 39.656233
3.445741 39.657113
3.441634 39.657113
3.43958 39.65506
3.43958 39.6533
3.4387 39.65242
3.4387 39.649193
3.43782 39.648313
3.43782 39.646553
3.43958 39.645086
3.43958 39.644206
3.4387 39.643326
3.4387 39.641566
3.43694 39.640099
3.43694 39.639219
3.436353 39.638339
3.43694 39.637459
3.43694 39.635112
3.436647 39.634525
3.435767 39.634525
3.434887 39.633645
3.4299 39.633645
3.429313 39.633058
3.426673 39.633058
3.425793 39.633645
3.422566 39.633645
3.421686 39.634525
3.414938 39.634525
3.412592 39.637165
3.411712 39.637165
3.410832 39.637752
3.409951 39.637752
3.409071 39.637165
3.406725 39.637165
3.405844 39.636285
3.404964 39.636285
3.402618 39.633645
3.401738 39.633645
3.399684 39.631592
3.399684 39.630711
3.398804 39.629831
3.398804 39.628365
3.397924 39.627485
3.397924 39.626605
3.397044 39.625724
3.397044 39.624844
3.394697 39.622498
3.394697 39.620737
3.392937 39.619271
3.392937 39.618391
3.393817 39.617511
3.393817 39.61663
3.392057 39.615164
3.392937 39.614284
3.392937 39.613404
3.391177 39.611643
3.391177 39.609883
3.390297 39.609003
3.390297 39.608417
3.38971 39.607536
3.38971 39.604896
3.388243 39.603723
3.387363 39.603723
3.38619 39.602549
3.38619 39.601669
3.38531 39.600789
3.38531 39.599323
3.384723 39.598442
3.38443 39.594042
3.38531 39.593455
3.38531 39.591695
3.38619 39.590815
3.38619 39.589935
3.388243 39.587882
3.390883 39.587882
3.391763 39.587002
3.392644 39.587002
3.39411 39.585535
3.39499 39.585535
3.39587 39.584655
3.399097 39.584655
3.399977 39.585535
3.401738 39.585535
3.402618 39.584655
3.403204 39.584655
3.405551 39.582601
3.405551 39.581721
3.404671 39.580841
3.404671 39.579961
3.404084 39.579668
3.403204 39.579668
3.400857 39.577028
3.390883 39.577028
3.390003 39.576148
3.389123 39.576148
3.388243 39.577028
3.385016 39.577028
3.384136 39.576148
3.379149 39.576148
3.377096 39.574094
3.377096 39.573214
3.376216 39.572627
3.377976 39.570867
3.377976 39.569987
3.377389 39.569694
3.375922 39.569694
3.373869 39.567347
3.373869 39.56676
3.374162 39.566174
3.375922 39.566174
3.376216 39.56588
3.376216 39.56324
3.375336 39.56236
3.376216 39.561773
3.376216 39.560013
3.375922 39.55972
3.375042 39.55972
3.373869 39.558253
3.373869 39.557666
3.373282 39.55708
3.371522 39.55708
3.370935 39.55796
3.370055 39.55708
3.369175 39.55708
3.368588 39.556786
3.369469 39.555906
3.369469 39.553266
3.368882 39.552386
3.369469 39.551506
3.369175 39.551212
3.368295 39.551212
3.367415 39.550332
3.364188 39.550332
3.363308 39.551212
3.361548 39.551212
3.360961 39.550332
3.360081 39.550332
3.359201 39.549452
3.358321 39.549452
3.357441 39.548572
3.355681 39.548572
3.355388 39.548279
3.356268 39.547399
3.355094 39.546225
3.352454 39.546225
3.352161 39.545932
3.352161 39.545052
3.351574 39.544465
3.349227 39.544465
3.348347 39.543879
3.346587 39.543879
3.345707 39.542999
3.34424 39.542999
3.34336 39.542118
3.34248 39.542118
3.341307 39.540945
3.341307 39.538305
3.34072 39.538011
3.339253 39.538011
3.338666 39.538305
3.338666 39.540945
3.338373 39.541238
3.334853 39.541238
3.333679 39.540065
3.333679 39.539185
3.334266 39.538892
3.335733 39.540358
3.336613 39.540358
3.3372 39.540065
3.336906 39.538305
3.338373 39.537131
3.339253 39.537131
3.33984 39.536251
3.34072 39.536251
3.341307 39.535665
3.341307 39.534198
3.34072 39.533611
3.338373 39.533905
3.337493 39.533024
3.336613 39.533024
3.335733 39.532144
3.335146 39.532144
3.332506 39.529504
3.330746 39.529504
3.329866 39.528624
3.329279 39.528624
3.324585 39.524224
3.324585 39.523344
3.323412 39.52217
3.318425 39.52217
3.316958 39.520704
3.317838 39.520117
3.317838 39.518357
3.317545 39.518063
3.316665 39.518063
3.315785 39.517183
3.313438 39.517183
3.312851 39.516597
3.313731 39.515717
3.313731 39.51513
3.304931 39.506329
3.304051 39.506329
3.301997 39.504276
3.301997 39.500755
3.301704 39.500462
3.298183 39.500462
3.29789 39.499875
3.298183 39.499582
3.299063 39.499582
3.29965 39.498995
3.29965 39.498409
3.29789 39.496649
3.29789 39.495768
3.297597 39.495475
3.294957 39.495475
3.294663 39.494888
3.294663 39.493422
3.293783 39.492542
3.293783 39.491661
3.294663 39.490781
3.294663 39.487555
3.293783 39.486674
3.293783 39.485794
3.293196 39.485501
3.29173 39.485501
3.29085 39.486088
3.289089 39.486381
3.288796 39.485794
3.289089 39.485501
3.289969 39.485501
3.290556 39.484914
3.290556 39.484034
3.289969 39.483741
3.289089 39.483741
3.288796 39.483448
3.289089 39.482861
3.289969 39.482861
3.291143 39.481687
3.291143 39.479927
3.290263 39.479047
3.290263 39.478461
3.289676 39.47758
3.289676 39.4767
3.288209 39.475527
3.287623 39.475527
3.287036 39.47494
3.287036 39.472593
3.285276 39.470833
3.285276 39.469073
3.284982 39.46878
3.284102 39.46878
3.283809 39.468193
3.283809 39.467606
3.282929 39.466726
3.283809 39.465846
3.283809 39.464966
3.282049 39.463206
3.282049 39.459979
3.281169 39.459099
3.281169 39.458219
3.280876 39.457926
3.279995 39.457926
3.279702 39.457339
3.279702 39.456752
3.280289 39.455872
3.280289 39.454992
3.278822 39.453232
3.279702 39.452645
3.279409 39.450005
3.278822 39.449125
3.278822 39.440031
3.277062 39.438271
3.277062 39.433284
3.276182 39.432404
3.276182 39.431524
3.275888 39.43123
3.275008 39.43123
3.273835 39.430057
3.274128 39.42947
3.276475 39.42947
3.277062 39.429177
3.277062 39.426537
3.277942 39.42595
3.277942 39.42419
3.277062 39.42331
3.277062 39.42155
3.276182 39.42067
3.276182 39.416563
3.274128 39.414509
3.271782 39.414509
3.270315 39.415976
3.270315 39.420083
3.270021 39.420376
3.269141 39.420376
3.267968 39.42155
3.267968 39.42419
3.267088 39.42507
3.267088 39.42595
3.266501 39.426243
3.265914 39.425363
3.265034 39.425363
3.264154 39.426243
3.262394 39.426243
3.262101 39.42595
3.262981 39.42507
3.262981 39.420083
3.262394 39.419496
3.261807 39.419496
3.260341 39.418323
3.260341 39.417443
3.260927 39.417149
3.261807 39.417149
3.262394 39.416269
3.265034 39.418616
3.268261 39.41891
3.268848 39.418323
3.268848 39.416563
3.266794 39.414509
3.265914 39.414509
3.265328 39.414216
3.265328 39.412456
3.265034 39.412162
3.262394 39.412162
3.262101 39.411576
3.262394 39.411282
3.263274 39.411282
3.263568 39.410696
3.263568 39.410109
3.259461 39.405709
3.259461 39.404829
3.259167 39.404535
3.257407 39.404535
3.257114 39.404242
3.257114 39.402482
3.256527 39.401895
3.25594 39.401895
3.254474 39.400722
3.255354 39.399842
3.255354 39.399255
3.254474 39.398375
3.254474 39.397495
3.255354 39.396615
3.255354 39.395148
3.25506 39.394561
3.2533 39.394561
3.252127 39.393388
3.253007 39.392508
3.253007 39.391628
3.252127 39.390748
3.252127 39.388401
3.25066 39.386934
3.250073 39.386934
3.249193 39.387814
3.248313 39.387814
3.24802 39.387521
3.248313 39.386934
3.249193 39.386934
3.249487 39.386641
3.249487 39.384
3.24626 39.380774
3.24626 39.379893
3.24538 39.379307
3.24538 39.378427
3.244206 39.37696
3.242446 39.37696
3.242153 39.377547
3.242153 39.379307
3.241566 39.3796
3.240686 39.3796
3.240393 39.379307
3.240393 39.375787
3.241273 39.374906
3.241273 39.374026
3.240393 39.37344
3.240393 39.37256
3.238339 39.370506
3.236579 39.370506
3.236286 39.370799
3.236286 39.37256
3.235699 39.372853
3.234819 39.372853
3.234526 39.37256
3.235406 39.37168
3.235406 39.369919
3.235112 39.369626
3.233352 39.369626
3.231592 39.371386
3.231299 39.370799
3.231299 39.369039
3.230712 39.368746
3.230125 39.368746
3.229245 39.369626
3.227485 39.369626
3.226605 39.370506
3.225725 39.370506
3.225432 39.369919
3.227485 39.367866
3.233352 39.367866
3.234232 39.368746
3.235699 39.368746
3.236286 39.368159
3.236286 39.366693
3.235112 39.365519
3.234232 39.365519
3.233645 39.364932
3.233645 39.363172
3.231592 39.361119
3.230712 39.361119
3.229245 39.359652
3.227485 39.359652
3.225725 39.361119
3.225432 39.360825
3.225432 39.359945
3.226312 39.359065
3.224845 39.357892
3.224258 39.358772
3.223378 39.357892
3.219858 39.357892
3.219564 39.358479
3.219564 39.359065
3.219271 39.359652
3.218391 39.358772
3.215751 39.358772
3.215457 39.359065
3.215457 39.359945
3.216338 39.360825
3.216338 39.362586
3.215751 39.362879
3.213404 39.362879
3.212524 39.363759
3.211937 39.363466
3.211937 39.362586
3.211351 39.361705
3.211644 39.361119
3.212524 39.361119
3.212817 39.360825
3.212817 39.359065
3.212524 39.358772
3.210764 39.358772
3.21047 39.358185
3.210764 39.357892
3.215751 39.357892
3.216044 39.357599
3.216338 39.355838
3.215751 39.355545
3.213404 39.355545
3.212524 39.354665
3.211644 39.354665
3.210764 39.353785
3.209297 39.353785
3.208417 39.352905
3.205777 39.352905
3.204897 39.352025
3.198443 39.352025
3.197563 39.352905
3.196683 39.352025
3.192576 39.352025
3.191696 39.351145
3.189056 39.351145
3.188176 39.352025
3.187882 39.351731
3.187882 39.350851
3.189056 39.349678
3.189936 39.349678
3.190816 39.348798
3.191696 39.348798
3.192869 39.347624
3.192869 39.345864
3.190522 39.343224
3.190522 39.342344
3.189642 39.341757
3.189642 39.340877
3.191109 39.339117
3.187589 39.335304
3.181722 39.335304
3.180548 39.33413
3.181135 39.33325
3.181135 39.33149
3.180842 39.331197
3.179962 39.331197
3.179082 39.330317
3.174975 39.330317
3.173214 39.332077
3.172334 39.332077
3.172041 39.331783
3.174388 39.329143
3.174388 39.328263
3.174095 39.32797
3.173508 39.32797
3.172334 39.32709
3.162654 39.32709
3.161774 39.32621
3.160014 39.32621
3.159133 39.32709
3.155026 39.32709
3.153266 39.32885
3.152386 39.32797
3.1518 39.32797
3.15092 39.32709
3.150039 39.32709
3.148866 39.328263
3.148573 39.329143
3.147399 39.330317
3.147106 39.330023
3.147106 39.327383
3.145932 39.32621
3.142412 39.32621
3.142119 39.325916
3.143586 39.324156
3.143586 39.322396
3.142999 39.321809
3.142999 39.320929
3.140065 39.317996
3.139185 39.317996
3.138305 39.317116
3.135958 39.317116
3.134492 39.315942
3.134492 39.315062
3.134198 39.314475
3.132438 39.314475
3.131558 39.313595
3.130091 39.313595
3.129211 39.314475
3.128331 39.314475
3.127451 39.315355
3.124224 39.315355
3.123638 39.315062
3.123638 39.314182
3.122464 39.313009
3.120117 39.313009
3.119237 39.313595
3.118651 39.313302
3.118651 39.312422
3.118064 39.311542
3.118064 39.310955
3.113664 39.306555
3.113664 39.305675
3.111317 39.303328
3.111317 39.302448
3.11073 39.302155
3.108383 39.302155
3.107503 39.301274
3.106623 39.301274
3.10457 39.299221
3.10457 39.297461
3.103689 39.296581
3.103689 39.295701
3.102516 39.294527
3.101636 39.294527
3.099876 39.293061
3.098409 39.293061
3.096356 39.290714
3.096356 39.290127
3.094889 39.28866
3.092542 39.28866
3.091955 39.288367
3.091955 39.287487
3.089608 39.284847
3.089608 39.28426
3.088728 39.28338
3.088728 39.2825
3.087555 39.281326
3.085795 39.281326
3.085501 39.28074
3.085501 39.27986
3.083448 39.277806
3.082568 39.277806
3.081101 39.276633
3.081101 39.274873
3.080808 39.274579
3.079928 39.274579
3.079048 39.273699
3.078461 39.273699
3.077874 39.273406
3.077874 39.272526
3.074061 39.268712
3.072594 39.268712
3.070834 39.266952
3.069074 39.266952
3.068194 39.266365
3.066727 39.266365
3.065847 39.265485
3.05822 39.265485
3.057633 39.264605
3.054113 39.264605
3.053233 39.265485
3.051472 39.265485
3.048832 39.268419
3.048832 39.269299
3.048245 39.269592
3.047365 39.269592
3.046192 39.270766
3.046192 39.271646
3.044432 39.273406
3.044432 39.274286
3.043845 39.274873
3.043845 39.276633
3.044432 39.277513
3.042378 39.279566
3.037391 39.279566
3.037098 39.27986
3.037098 39.28074
3.036805 39.281326
3.035925 39.281326
3.035045 39.282206
3.032404 39.282206
3.028591 39.285727
3.028591 39.286607
3.030058 39.28778
3.030644 39.28778
3.031231 39.288367
3.031231 39.289247
3.030644 39.28954
3.030058 39.28954
3.029177 39.28866
3.025657 39.28866
3.024484 39.290127
3.024484 39.290714
3.02155 39.293647
3.020964 39.293647
3.01803 39.296581
3.018617 39.297461
3.018617 39.300101
3.021257 39.302448
3.021257 39.303328
3.020083 39.304501
3.019203 39.304501
3.018323 39.305381
3.017443 39.305381
3.01539 39.307435
3.01539 39.309195
3.014803 39.309488
3.014216 39.309488
3.013336 39.310368
3.011576 39.310368
3.011283 39.310955
3.011283 39.311542
3.010696 39.312129
3.006589 39.312129
3.005416 39.313302
3.005416 39.315942
3.004242 39.317116
3.003362 39.317116
3.002482 39.317996
3.000135 39.317996
3.143586 39.922599
3.145052 39.923773
3.147399 39.923773
3.148279 39.922892
3.150039 39.922892
3.150333 39.922599
3.150333 39.920839
3.150039 39.920546
3.149159 39.920546
3.148279 39.919666
3.146519 39.919666
3.145932 39.920546
3.145052 39.920546
3.144466 39.920839
3.144466 39.921719
3.143586 39.922599
3.009523 39.304208
3.009523 39.305968
3.010109 39.306262
3.013336 39.306262
3.013923 39.305968
3.013923 39.304208
3.013336 39.303621
3.010109 39.303621
3.009523 39.304208
3.009523 39.299221
3.009523 39.300101
3.010696 39.301274
3.01275 39.299221
3.01275 39.298341
3.012456 39.297754
3.010696 39.297754
3.009523 39.299221
3.001015 39.309782
3.001309 39.311542
3.001602 39.312129
3.003362 39.312129
3.004536 39.310955
3.004536 39.310075
3.003362 39.308608
3.002189 39.308608
3.001015 39.309782
